# Data file generated by gp_save.m
# 
0	0	0	0	0
0.01	0.02513	0.025132	0.025132	0.025133
0.02	0.050244	0.05026	0.050263	0.050264
0.03	0.075327	0.07538	0.07539	0.075394
0.04	0.10036	0.10049	0.10051	0.10052
0.05	0.12533	0.12558	0.12563	0.12564
0.06	0.15023	0.15065	0.15073	0.15076
0.07	0.17502	0.1757	0.17583	0.17587
0.08	0.19971	0.20072	0.20091	0.20098
0.09	0.22427	0.22571	0.22598	0.22607
0.1	0.24869	0.25067	0.25103	0.25116
0.11	0.27295	0.27558	0.27607	0.27624
0.12	0.29704	0.30045	0.30109	0.30131
0.13	0.32094	0.32527	0.32608	0.32636
0.14	0.34464	0.35005	0.35105	0.3514
0.15	0.36812	0.37476	0.376	0.37643
0.16	0.39137	0.39942	0.40092	0.40145
0.17	0.41438	0.42401	0.42581	0.42644
0.18	0.43712	0.44854	0.45068	0.45143
0.19	0.45958	0.473	0.47551	0.47639
0.2	0.48175	0.49738	0.50031	0.50133
0.21	0.50362	0.52168	0.52507	0.52626
0.22	0.52517	0.5459	0.5498	0.55116
0.23	0.54639	0.57004	0.57448	0.57604
0.24	0.56727	0.59408	0.59913	0.6009
0.25	0.58779	0.61803	0.62374	0.62574
0.26	0.60793	0.64189	0.6483	0.65055
0.27	0.62769	0.66564	0.67281	0.67533
0.28	0.64706	0.68929	0.69728	0.70009
0.29	0.66601	0.71282	0.7217	0.72482
0.3	0.68455	0.73625	0.74607	0.74953
0.31	0.70265	0.75956	0.77039	0.7742
0.32	0.72031	0.78275	0.79465	0.79884
0.33	0.73751	0.80581	0.81886	0.82345
0.34	0.75425	0.82875	0.84301	0.84803
0.35	0.77051	0.85156	0.8671	0.87257
0.36	0.78629	0.87423	0.89112	0.89708
0.37	0.80157	0.89677	0.91509	0.92156
0.38	0.81634	0.91916	0.93899	0.946
0.39	0.8306	0.94141	0.96283	0.9704
0.4	0.84433	0.96351	0.9866	0.99476
0.41	0.85753	0.98545	1.0103	1.0191
0.42	0.87018	1.0072	1.0339	1.0434
0.43	0.88229	1.0289	1.0575	1.0676
0.44	0.89384	1.0503	1.081	1.0918
0.45	0.90483	1.0717	1.1044	1.116
0.46	0.91524	1.0928	1.1277	1.1401
0.47	0.92508	1.1138	1.151	1.1641
0.48	0.93433	1.1345	1.1741	1.1882
0.49	0.94299	1.1551	1.1972	1.2121
0.5	0.95106	1.1756	1.2202	1.2361
0.51	0.95852	1.1958	1.2431	1.2599
0.52	0.96538	1.2159	1.266	1.2838
0.53	0.97163	1.2357	1.2887	1.3076
0.54	0.97727	1.2554	1.3113	1.3313
0.55	0.98229	1.2748	1.3339	1.355
0.56	0.98669	1.2941	1.3564	1.3786
0.57	0.99046	1.3132	1.3787	1.4021
0.58	0.99361	1.332	1.401	1.4256
0.59	0.99613	1.3507	1.4232	1.4491
0.6	0.99803	1.3691	1.4453	1.4725
0.61	0.99929	1.3873	1.4672	1.4958
0.62	0.99992	1.4053	1.4891	1.5191
0.63	0.99992	1.4231	1.5109	1.5423
0.64	0.99929	1.4406	1.5325	1.5655
0.65	0.99803	1.4579	1.5541	1.5886
0.66	0.99613	1.475	1.5755	1.6116
0.67	0.99361	1.4919	1.5969	1.6346
0.68	0.99046	1.5085	1.6181	1.6575
0.69	0.98669	1.5249	1.6392	1.6803
0.7	0.98229	1.541	1.6602	1.7031
0.71	0.97727	1.5569	1.681	1.7258
0.72	0.97163	1.5726	1.7018	1.7485
0.73	0.96538	1.588	1.7224	1.771
0.74	0.95852	1.6031	1.743	1.7935
0.75	0.95106	1.618	1.7634	1.816
0.76	0.94299	1.6327	1.7836	1.8383
0.77	0.93433	1.6471	1.8038	1.8606
0.78	0.92508	1.6612	1.8238	1.8828
0.79	0.91524	1.6751	1.8437	1.905
0.8	0.90483	1.6887	1.8634	1.927
0.81	0.89384	1.702	1.8831	1.949
0.82	0.88229	1.7151	1.9026	1.9709
0.83	0.87018	1.7278	1.9219	1.9927
0.84	0.85753	1.7404	1.9412	2.0145
0.85	0.84433	1.7526	1.9603	2.0362
0.86	0.8306	1.7646	1.9792	2.0578
0.87	0.81634	1.7763	1.998	2.0793
0.88	0.80157	1.7877	2.0167	2.1007
0.89	0.78629	1.7988	2.0352	2.122
0.9	0.77051	1.8097	2.0536	2.1433
0.91	0.75425	1.8202	2.0719	2.1645
0.92	0.73751	1.8305	2.09	2.1856
0.93	0.72031	1.8405	2.1079	2.2066
0.94	0.70265	1.8502	2.1258	2.2275
0.95	0.68455	1.8596	2.1434	2.2483
0.96	0.66601	1.8687	2.1609	2.2691
0.97	0.64706	1.8775	2.1783	2.2897
0.98	0.62769	1.886	2.1955	2.3103
0.99	0.60793	1.8942	2.2125	2.3308
1	0.58779	1.9021	2.2294	2.3511
1.01	0.56727	1.9097	2.2462	2.3714
1.02	0.54639	1.917	2.2628	2.3916
1.03	0.52517	1.9241	2.2792	2.4117
1.04	0.50362	1.9308	2.2954	2.4317
1.05	0.48175	1.9372	2.3115	2.4516
1.06	0.45958	1.9433	2.3275	2.4714
1.07	0.43712	1.9491	2.3433	2.4912
1.08	0.41438	1.9545	2.3589	2.5108
1.09	0.39137	1.9597	2.3743	2.5303
1.1	0.36812	1.9646	2.3896	2.5497
1.11	0.34464	1.9691	2.4047	2.569
1.12	0.32094	1.9734	2.4196	2.5882
1.13	0.29704	1.9773	2.4344	2.6073
1.14	0.27295	1.9809	2.449	2.6263
1.15	0.24869	1.9842	2.4634	2.6452
1.16	0.22427	1.9872	2.4777	2.664
1.17	0.19971	1.9899	2.4918	2.6827
1.18	0.17502	1.9923	2.5057	2.7013
1.19	0.15023	1.9943	2.5194	2.7198
1.2	0.12533	1.9961	2.533	2.7382
1.21	0.10036	1.9975	2.5464	2.7565
1.22	0.075327	1.9986	2.5596	2.7746
1.23	0.050244	1.9994	2.5726	2.7927
1.24	0.02513	1.9998	2.5854	2.8106
1.25	1.2246e-16	2	2.5981	2.8284
1.26	-0.02513	1.9998	2.6106	2.8461
1.27	-0.050244	1.9994	2.6228	2.8637
1.28	-0.075327	1.9986	2.635	2.8812
1.29	-0.10036	1.9975	2.6469	2.8986
1.3	-0.12533	1.9961	2.6586	2.9159
1.31	-0.15023	1.9943	2.6702	2.933
1.32	-0.17502	1.9923	2.6815	2.9501
1.33	-0.19971	1.9899	2.6927	2.967
1.34	-0.22427	1.9872	2.7037	2.9838
1.35	-0.24869	1.9842	2.7145	3.0004
1.36	-0.27295	1.9809	2.7251	3.017
1.37	-0.29704	1.9773	2.7355	3.0334
1.38	-0.32094	1.9734	2.7457	3.0498
1.39	-0.34464	1.9691	2.7558	3.066
1.4	-0.36812	1.9646	2.7656	3.0821
1.41	-0.39137	1.9597	2.7752	3.098
1.42	-0.41438	1.9545	2.7847	3.1138
1.43	-0.43712	1.9491	2.7939	3.1296
1.44	-0.45958	1.9433	2.803	3.1452
1.45	-0.48175	1.9372	2.8118	3.1606
1.46	-0.50362	1.9308	2.8205	3.176
1.47	-0.52517	1.9241	2.829	3.1912
1.48	-0.54639	1.917	2.8372	3.2063
1.49	-0.56727	1.9097	2.8453	3.2212
1.5	-0.58779	1.9021	2.8532	3.2361
1.51	-0.60793	1.8942	2.8608	3.2508
1.52	-0.62769	1.886	2.8683	3.2654
1.53	-0.64706	1.8775	2.8756	3.2798
1.54	-0.66601	1.8687	2.8826	3.2941
1.55	-0.68455	1.8596	2.8895	3.3083
1.56	-0.70265	1.8502	2.8961	3.3224
1.57	-0.72031	1.8405	2.9026	3.3363
1.58	-0.73751	1.8305	2.9088	3.3501
1.59	-0.75425	1.8202	2.9149	3.3638
1.6	-0.77051	1.8097	2.9207	3.3773
1.61	-0.78629	1.7988	2.9264	3.3907
1.62	-0.80157	1.7877	2.9318	3.404
1.63	-0.81634	1.7763	2.937	3.4171
1.64	-0.8306	1.7646	2.942	3.4301
1.65	-0.84433	1.7526	2.9469	3.443
1.66	-0.85753	1.7404	2.9515	3.4557
1.67	-0.87018	1.7278	2.9559	3.4683
1.68	-0.88229	1.7151	2.9601	3.4807
1.69	-0.89384	1.702	2.964	3.493
1.7	-0.90483	1.6887	2.9678	3.5052
1.71	-0.91524	1.6751	2.9714	3.5173
1.72	-0.92508	1.6612	2.9747	3.5292
1.73	-0.93433	1.6471	2.9779	3.5409
1.74	-0.94299	1.6327	2.9808	3.5525
1.75	-0.95106	1.618	2.9836	3.564
1.76	-0.95852	1.6031	2.9861	3.5754
1.77	-0.96538	1.588	2.9884	3.5866
1.78	-0.97163	1.5726	2.9905	3.5976
1.79	-0.97727	1.5569	2.9924	3.6085
1.8	-0.98229	1.541	2.9941	3.6193
1.81	-0.98669	1.5249	2.9956	3.6299
1.82	-0.99046	1.5085	2.9968	3.6404
1.83	-0.99361	1.4919	2.9979	3.6508
1.84	-0.99613	1.475	2.9987	3.661
1.85	-0.99803	1.4579	2.9993	3.671
1.86	-0.99929	1.4406	2.9998	3.6809
1.87	-0.99992	1.4231	3	3.6907
1.88	-0.99992	1.4053	3	3.7003
1.89	-0.99929	1.3873	2.9998	3.7098
1.9	-0.99803	1.3691	2.9993	3.7191
1.91	-0.99613	1.3507	2.9987	3.7283
1.92	-0.99361	1.332	2.9979	3.7373
1.93	-0.99046	1.3132	2.9968	3.7462
1.94	-0.98669	1.2941	2.9956	3.7549
1.95	-0.98229	1.2748	2.9941	3.7635
1.96	-0.97727	1.2554	2.9924	3.772
1.97	-0.97163	1.2357	2.9905	3.7803
1.98	-0.96538	1.2159	2.9884	3.7884
1.99	-0.95852	1.1958	2.9861	3.7964
2	-0.95106	1.1756	2.9836	3.8042
2.01	-0.94299	1.1551	2.9808	3.8119
2.02	-0.93433	1.1345	2.9779	3.8195
2.03	-0.92508	1.1138	2.9747	3.8268
2.04	-0.91524	1.0928	2.9714	3.8341
2.05	-0.90483	1.0717	2.9678	3.8412
2.06	-0.89384	1.0503	2.964	3.8481
2.07	-0.88229	1.0289	2.9601	3.8549
2.08	-0.87018	1.0072	2.9559	3.8615
2.09	-0.85753	0.98545	2.9515	3.868
2.1	-0.84433	0.96351	2.9469	3.8743
2.11	-0.8306	0.94141	2.942	3.8805
2.12	-0.81634	0.91916	2.937	3.8865
2.13	-0.80157	0.89677	2.9318	3.8924
2.14	-0.78629	0.87423	2.9264	3.8981
2.15	-0.77051	0.85156	2.9207	3.9037
2.16	-0.75425	0.82875	2.9149	3.9091
2.17	-0.73751	0.80581	2.9088	3.9143
2.18	-0.72031	0.78275	2.9026	3.9194
2.19	-0.70265	0.75956	2.8961	3.9244
2.2	-0.68455	0.73625	2.8895	3.9291
2.21	-0.66601	0.71282	2.8826	3.9338
2.22	-0.64706	0.68929	2.8756	3.9383
2.23	-0.62769	0.66564	2.8683	3.9426
2.24	-0.60793	0.64189	2.8608	3.9467
2.25	-0.58779	0.61803	2.8532	3.9508
2.26	-0.56727	0.59408	2.8453	3.9546
2.27	-0.54639	0.57004	2.8372	3.9583
2.28	-0.52517	0.5459	2.829	3.9618
2.29	-0.50362	0.52168	2.8205	3.9652
2.3	-0.48175	0.49738	2.8118	3.9685
2.31	-0.45958	0.473	2.803	3.9715
2.32	-0.43712	0.44854	2.7939	3.9744
2.33	-0.41438	0.42401	2.7847	3.9772
2.34	-0.39137	0.39942	2.7752	3.9798
2.35	-0.36812	0.37476	2.7656	3.9822
2.36	-0.34464	0.35005	2.7558	3.9845
2.37	-0.32094	0.32527	2.7457	3.9867
2.38	-0.29704	0.30045	2.7355	3.9886
2.39	-0.27295	0.27558	2.7251	3.9905
2.4	-0.24869	0.25067	2.7145	3.9921
2.41	-0.22427	0.22571	2.7037	3.9936
2.42	-0.19971	0.20072	2.6927	3.9949
2.43	-0.17502	0.1757	2.6815	3.9961
2.44	-0.15023	0.15065	2.6702	3.9972
2.45	-0.12533	0.12558	2.6586	3.998
2.46	-0.10036	0.10049	2.6469	3.9987
2.47	-0.075327	0.07538	2.635	3.9993
2.48	-0.050244	0.05026	2.6228	3.9997
2.49	-0.02513	0.025132	2.6106	3.9999
2.5	-2.4493e-16	2.4493e-16	2.5981	4
2.51	0.02513	-0.025132	2.5854	3.9999
2.52	0.050244	-0.05026	2.5726	3.9997
2.53	0.075327	-0.07538	2.5596	3.9993
2.54	0.10036	-0.10049	2.5464	3.9987
2.55	0.12533	-0.12558	2.533	3.998
2.56	0.15023	-0.15065	2.5194	3.9972
2.57	0.17502	-0.1757	2.5057	3.9961
2.58	0.19971	-0.20072	2.4918	3.9949
2.59	0.22427	-0.22571	2.4777	3.9936
2.6	0.24869	-0.25067	2.4634	3.9921
2.61	0.27295	-0.27558	2.449	3.9905
2.62	0.29704	-0.30045	2.4344	3.9886
2.63	0.32094	-0.32527	2.4196	3.9867
2.64	0.34464	-0.35005	2.4047	3.9845
2.65	0.36812	-0.37476	2.3896	3.9822
2.66	0.39137	-0.39942	2.3743	3.9798
2.67	0.41438	-0.42401	2.3589	3.9772
2.68	0.43712	-0.44854	2.3433	3.9744
2.69	0.45958	-0.473	2.3275	3.9715
2.7	0.48175	-0.49738	2.3115	3.9685
2.71	0.50362	-0.52168	2.2954	3.9652
2.72	0.52517	-0.5459	2.2792	3.9618
2.73	0.54639	-0.57004	2.2628	3.9583
2.74	0.56727	-0.59408	2.2462	3.9546
2.75	0.58779	-0.61803	2.2294	3.9508
2.76	0.60793	-0.64189	2.2125	3.9467
2.77	0.62769	-0.66564	2.1955	3.9426
2.78	0.64706	-0.68929	2.1783	3.9383
2.79	0.66601	-0.71282	2.1609	3.9338
2.8	0.68455	-0.73625	2.1434	3.9291
2.81	0.70265	-0.75956	2.1258	3.9244
2.82	0.72031	-0.78275	2.1079	3.9194
2.83	0.73751	-0.80581	2.09	3.9143
2.84	0.75425	-0.82875	2.0719	3.9091
2.85	0.77051	-0.85156	2.0536	3.9037
2.86	0.78629	-0.87423	2.0352	3.8981
2.87	0.80157	-0.89677	2.0167	3.8924
2.88	0.81634	-0.91916	1.998	3.8865
2.89	0.8306	-0.94141	1.9792	3.8805
2.9	0.84433	-0.96351	1.9603	3.8743
2.91	0.85753	-0.98545	1.9412	3.868
2.92	0.87018	-1.0072	1.9219	3.8615
2.93	0.88229	-1.0289	1.9026	3.8549
2.94	0.89384	-1.0503	1.8831	3.8481
2.95	0.90483	-1.0717	1.8634	3.8412
2.96	0.91524	-1.0928	1.8437	3.8341
2.97	0.92508	-1.1138	1.8238	3.8268
2.98	0.93433	-1.1345	1.8038	3.8195
2.99	0.94299	-1.1551	1.7836	3.8119
3	0.95106	-1.1756	1.7634	3.8042
3.01	0.95852	-1.1958	1.743	3.7964
3.02	0.96538	-1.2159	1.7224	3.7884
3.03	0.97163	-1.2357	1.7018	3.7803
3.04	0.97727	-1.2554	1.681	3.772
3.05	0.98229	-1.2748	1.6602	3.7635
3.06	0.98669	-1.2941	1.6392	3.7549
3.07	0.99046	-1.3132	1.6181	3.7462
3.08	0.99361	-1.332	1.5969	3.7373
3.09	0.99613	-1.3507	1.5755	3.7283
3.1	0.99803	-1.3691	1.5541	3.7191
3.11	0.99929	-1.3873	1.5325	3.7098
3.12	0.99992	-1.4053	1.5109	3.7003
3.13	0.99992	-1.4231	1.4891	3.6907
3.14	0.99929	-1.4406	1.4672	3.6809
3.15	0.99803	-1.4579	1.4453	3.671
3.16	0.99613	-1.475	1.4232	3.661
3.17	0.99361	-1.4919	1.401	3.6508
3.18	0.99046	-1.5085	1.3787	3.6404
3.19	0.98669	-1.5249	1.3564	3.6299
3.2	0.98229	-1.541	1.3339	3.6193
3.21	0.97727	-1.5569	1.3113	3.6085
3.22	0.97163	-1.5726	1.2887	3.5976
3.23	0.96538	-1.588	1.266	3.5866
3.24	0.95852	-1.6031	1.2431	3.5754
3.25	0.95106	-1.618	1.2202	3.564
3.26	0.94299	-1.6327	1.1972	3.5525
3.27	0.93433	-1.6471	1.1741	3.5409
3.28	0.92508	-1.6612	1.151	3.5292
3.29	0.91524	-1.6751	1.1277	3.5173
3.3	0.90483	-1.6887	1.1044	3.5052
3.31	0.89384	-1.702	1.081	3.493
3.32	0.88229	-1.7151	1.0575	3.4807
3.33	0.87018	-1.7278	1.0339	3.4683
3.34	0.85753	-1.7404	1.0103	3.4557
3.35	0.84433	-1.7526	0.9866	3.443
3.36	0.8306	-1.7646	0.96283	3.4301
3.37	0.81634	-1.7763	0.93899	3.4171
3.38	0.80157	-1.7877	0.91509	3.404
3.39	0.78629	-1.7988	0.89112	3.3907
3.4	0.77051	-1.8097	0.8671	3.3773
3.41	0.75425	-1.8202	0.84301	3.3638
3.42	0.73751	-1.8305	0.81886	3.3501
3.43	0.72031	-1.8405	0.79465	3.3363
3.44	0.70265	-1.8502	0.77039	3.3224
3.45	0.68455	-1.8596	0.74607	3.3083
3.46	0.66601	-1.8687	0.7217	3.2941
3.47	0.64706	-1.8775	0.69728	3.2798
3.48	0.62769	-1.886	0.67281	3.2654
3.49	0.60793	-1.8942	0.6483	3.2508
3.5	0.58779	-1.9021	0.62374	3.2361
3.51	0.56727	-1.9097	0.59913	3.2212
3.52	0.54639	-1.917	0.57448	3.2063
3.53	0.52517	-1.9241	0.5498	3.1912
3.54	0.50362	-1.9308	0.52507	3.176
3.55	0.48175	-1.9372	0.50031	3.1606
3.56	0.45958	-1.9433	0.47551	3.1452
3.57	0.43712	-1.9491	0.45068	3.1296
3.58	0.41438	-1.9545	0.42581	3.1138
3.59	0.39137	-1.9597	0.40092	3.098
3.6	0.36812	-1.9646	0.376	3.0821
3.61	0.34464	-1.9691	0.35105	3.066
3.62	0.32094	-1.9734	0.32608	3.0498
3.63	0.29704	-1.9773	0.30109	3.0334
3.64	0.27295	-1.9809	0.27607	3.017
3.65	0.24869	-1.9842	0.25103	3.0004
3.66	0.22427	-1.9872	0.22598	2.9838
3.67	0.19971	-1.9899	0.20091	2.967
3.68	0.17502	-1.9923	0.17583	2.9501
3.69	0.15023	-1.9943	0.15073	2.933
3.7	0.12533	-1.9961	0.12563	2.9159
3.71	0.10036	-1.9975	0.10051	2.8986
3.72	0.075327	-1.9986	0.07539	2.8812
3.73	0.050244	-1.9994	0.050263	2.8637
3.74	0.02513	-1.9998	0.025132	2.8461
3.75	3.6739e-16	-2	3.6739e-16	2.8284
3.76	-0.02513	-1.9998	-0.025132	2.8106
3.77	-0.050244	-1.9994	-0.050263	2.7927
3.78	-0.075327	-1.9986	-0.07539	2.7746
3.79	-0.10036	-1.9975	-0.10051	2.7565
3.8	-0.12533	-1.9961	-0.12563	2.7382
3.81	-0.15023	-1.9943	-0.15073	2.7198
3.82	-0.17502	-1.9923	-0.17583	2.7013
3.83	-0.19971	-1.9899	-0.20091	2.6827
3.84	-0.22427	-1.9872	-0.22598	2.664
3.85	-0.24869	-1.9842	-0.25103	2.6452
3.86	-0.27295	-1.9809	-0.27607	2.6263
3.87	-0.29704	-1.9773	-0.30109	2.6073
3.88	-0.32094	-1.9734	-0.32608	2.5882
3.89	-0.34464	-1.9691	-0.35105	2.569
3.9	-0.36812	-1.9646	-0.376	2.5497
3.91	-0.39137	-1.9597	-0.40092	2.5303
3.92	-0.41438	-1.9545	-0.42581	2.5108
3.93	-0.43712	-1.9491	-0.45068	2.4912
3.94	-0.45958	-1.9433	-0.47551	2.4714
3.95	-0.48175	-1.9372	-0.50031	2.4516
3.96	-0.50362	-1.9308	-0.52507	2.4317
3.97	-0.52517	-1.9241	-0.5498	2.4117
3.98	-0.54639	-1.917	-0.57448	2.3916
3.99	-0.56727	-1.9097	-0.59913	2.3714
4	-0.58779	-1.9021	-0.62374	2.3511
4.01	-0.60793	-1.8942	-0.6483	2.3308
4.02	-0.62769	-1.886	-0.67281	2.3103
4.03	-0.64706	-1.8775	-0.69728	2.2897
4.04	-0.66601	-1.8687	-0.7217	2.2691
4.05	-0.68455	-1.8596	-0.74607	2.2483
4.06	-0.70265	-1.8502	-0.77039	2.2275
4.07	-0.72031	-1.8405	-0.79465	2.2066
4.08	-0.73751	-1.8305	-0.81886	2.1856
4.09	-0.75425	-1.8202	-0.84301	2.1645
4.1	-0.77051	-1.8097	-0.8671	2.1433
4.11	-0.78629	-1.7988	-0.89112	2.122
4.12	-0.80157	-1.7877	-0.91509	2.1007
4.13	-0.81634	-1.7763	-0.93899	2.0793
4.14	-0.8306	-1.7646	-0.96283	2.0578
4.15	-0.84433	-1.7526	-0.9866	2.0362
4.16	-0.85753	-1.7404	-1.0103	2.0145
4.17	-0.87018	-1.7278	-1.0339	1.9927
4.18	-0.88229	-1.7151	-1.0575	1.9709
4.19	-0.89384	-1.702	-1.081	1.949
4.2	-0.90483	-1.6887	-1.1044	1.927
4.21	-0.91524	-1.6751	-1.1277	1.905
4.22	-0.92508	-1.6612	-1.151	1.8828
4.23	-0.93433	-1.6471	-1.1741	1.8606
4.24	-0.94299	-1.6327	-1.1972	1.8383
4.25	-0.95106	-1.618	-1.2202	1.816
4.26	-0.95852	-1.6031	-1.2431	1.7935
4.27	-0.96538	-1.588	-1.266	1.771
4.28	-0.97163	-1.5726	-1.2887	1.7485
4.29	-0.97727	-1.5569	-1.3113	1.7258
4.3	-0.98229	-1.541	-1.3339	1.7031
4.31	-0.98669	-1.5249	-1.3564	1.6803
4.32	-0.99046	-1.5085	-1.3787	1.6575
4.33	-0.99361	-1.4919	-1.401	1.6346
4.34	-0.99613	-1.475	-1.4232	1.6116
4.35	-0.99803	-1.4579	-1.4453	1.5886
4.36	-0.99929	-1.4406	-1.4672	1.5655
4.37	-0.99992	-1.4231	-1.4891	1.5423
4.38	-0.99992	-1.4053	-1.5109	1.5191
4.39	-0.99929	-1.3873	-1.5325	1.4958
4.4	-0.99803	-1.3691	-1.5541	1.4725
4.41	-0.99613	-1.3507	-1.5755	1.4491
4.42	-0.99361	-1.332	-1.5969	1.4256
4.43	-0.99046	-1.3132	-1.6181	1.4021
4.44	-0.98669	-1.2941	-1.6392	1.3786
4.45	-0.98229	-1.2748	-1.6602	1.355
4.46	-0.97727	-1.2554	-1.681	1.3313
4.47	-0.97163	-1.2357	-1.7018	1.3076
4.48	-0.96538	-1.2159	-1.7224	1.2838
4.49	-0.95852	-1.1958	-1.743	1.2599
4.5	-0.95106	-1.1756	-1.7634	1.2361
4.51	-0.94299	-1.1551	-1.7836	1.2121
4.52	-0.93433	-1.1345	-1.8038	1.1882
4.53	-0.92508	-1.1138	-1.8238	1.1641
4.54	-0.91524	-1.0928	-1.8437	1.1401
4.55	-0.90483	-1.0717	-1.8634	1.116
4.56	-0.89384	-1.0503	-1.8831	1.0918
4.57	-0.88229	-1.0289	-1.9026	1.0676
4.58	-0.87018	-1.0072	-1.9219	1.0434
4.59	-0.85753	-0.98545	-1.9412	1.0191
4.6	-0.84433	-0.96351	-1.9603	0.99476
4.61	-0.8306	-0.94141	-1.9792	0.9704
4.62	-0.81634	-0.91916	-1.998	0.946
4.63	-0.80157	-0.89677	-2.0167	0.92156
4.64	-0.78629	-0.87423	-2.0352	0.89708
4.65	-0.77051	-0.85156	-2.0536	0.87257
4.66	-0.75425	-0.82875	-2.0719	0.84803
4.67	-0.73751	-0.80581	-2.09	0.82345
4.68	-0.72031	-0.78275	-2.1079	0.79884
4.69	-0.70265	-0.75956	-2.1258	0.7742
4.7	-0.68455	-0.73625	-2.1434	0.74953
4.71	-0.66601	-0.71282	-2.1609	0.72482
4.72	-0.64706	-0.68929	-2.1783	0.70009
4.73	-0.62769	-0.66564	-2.1955	0.67533
4.74	-0.60793	-0.64189	-2.2125	0.65055
4.75	-0.58779	-0.61803	-2.2294	0.62574
4.76	-0.56727	-0.59408	-2.2462	0.6009
4.77	-0.54639	-0.57004	-2.2628	0.57604
4.78	-0.52517	-0.5459	-2.2792	0.55116
4.79	-0.50362	-0.52168	-2.2954	0.52626
4.8	-0.48175	-0.49738	-2.3115	0.50133
4.81	-0.45958	-0.473	-2.3275	0.47639
4.82	-0.43712	-0.44854	-2.3433	0.45143
4.83	-0.41438	-0.42401	-2.3589	0.42644
4.84	-0.39137	-0.39942	-2.3743	0.40145
4.85	-0.36812	-0.37476	-2.3896	0.37643
4.86	-0.34464	-0.35005	-2.4047	0.3514
4.87	-0.32094	-0.32527	-2.4196	0.32636
4.88	-0.29704	-0.30045	-2.4344	0.30131
4.89	-0.27295	-0.27558	-2.449	0.27624
4.9	-0.24869	-0.25067	-2.4634	0.25116
4.91	-0.22427	-0.22571	-2.4777	0.22607
4.92	-0.19971	-0.20072	-2.4918	0.20098
4.93	-0.17502	-0.1757	-2.5057	0.17587
4.94	-0.15023	-0.15065	-2.5194	0.15076
4.95	-0.12533	-0.12558	-2.533	0.12564
4.96	-0.10036	-0.10049	-2.5464	0.10052
4.97	-0.075327	-0.07538	-2.5596	0.075394
4.98	-0.050244	-0.05026	-2.5726	0.050264
4.99	-0.02513	-0.025132	-2.5854	0.025133
5	-4.8986e-16	-4.8986e-16	-2.5981	4.8986e-16
5.01	0.02513	0.025132	-2.6106	-0.025133
5.02	0.050244	0.05026	-2.6228	-0.050264
5.03	0.075327	0.07538	-2.635	-0.075394
5.04	0.10036	0.10049	-2.6469	-0.10052
5.05	0.12533	0.12558	-2.6586	-0.12564
5.06	0.15023	0.15065	-2.6702	-0.15076
5.07	0.17502	0.1757	-2.6815	-0.17587
5.08	0.19971	0.20072	-2.6927	-0.20098
5.09	0.22427	0.22571	-2.7037	-0.22607
5.1	0.24869	0.25067	-2.7145	-0.25116
5.11	0.27295	0.27558	-2.7251	-0.27624
5.12	0.29704	0.30045	-2.7355	-0.30131
5.13	0.32094	0.32527	-2.7457	-0.32636
5.14	0.34464	0.35005	-2.7558	-0.3514
5.15	0.36812	0.37476	-2.7656	-0.37643
5.16	0.39137	0.39942	-2.7752	-0.40145
5.17	0.41438	0.42401	-2.7847	-0.42644
5.18	0.43712	0.44854	-2.7939	-0.45143
5.19	0.45958	0.473	-2.803	-0.47639
5.2	0.48175	0.49738	-2.8118	-0.50133
5.21	0.50362	0.52168	-2.8205	-0.52626
5.22	0.52517	0.5459	-2.829	-0.55116
5.23	0.54639	0.57004	-2.8372	-0.57604
5.24	0.56727	0.59408	-2.8453	-0.6009
5.25	0.58779	0.61803	-2.8532	-0.62574
5.26	0.60793	0.64189	-2.8608	-0.65055
5.27	0.62769	0.66564	-2.8683	-0.67533
5.28	0.64706	0.68929	-2.8756	-0.70009
5.29	0.66601	0.71282	-2.8826	-0.72482
5.3	0.68455	0.73625	-2.8895	-0.74953
5.31	0.70265	0.75956	-2.8961	-0.7742
5.32	0.72031	0.78275	-2.9026	-0.79884
5.33	0.73751	0.80581	-2.9088	-0.82345
5.34	0.75425	0.82875	-2.9149	-0.84803
5.35	0.77051	0.85156	-2.9207	-0.87257
5.36	0.78629	0.87423	-2.9264	-0.89708
5.37	0.80157	0.89677	-2.9318	-0.92156
5.38	0.81634	0.91916	-2.937	-0.946
5.39	0.8306	0.94141	-2.942	-0.9704
5.4	0.84433	0.96351	-2.9469	-0.99476
5.41	0.85753	0.98545	-2.9515	-1.0191
5.42	0.87018	1.0072	-2.9559	-1.0434
5.43	0.88229	1.0289	-2.9601	-1.0676
5.44	0.89384	1.0503	-2.964	-1.0918
5.45	0.90483	1.0717	-2.9678	-1.116
5.46	0.91524	1.0928	-2.9714	-1.1401
5.47	0.92508	1.1138	-2.9747	-1.1641
5.48	0.93433	1.1345	-2.9779	-1.1882
5.49	0.94299	1.1551	-2.9808	-1.2121
5.5	0.95106	1.1756	-2.9836	-1.2361
5.51	0.95852	1.1958	-2.9861	-1.2599
5.52	0.96538	1.2159	-2.9884	-1.2838
5.53	0.97163	1.2357	-2.9905	-1.3076
5.54	0.97727	1.2554	-2.9924	-1.3313
5.55	0.98229	1.2748	-2.9941	-1.355
5.56	0.98669	1.2941	-2.9956	-1.3786
5.57	0.99046	1.3132	-2.9968	-1.4021
5.58	0.99361	1.332	-2.9979	-1.4256
5.59	0.99613	1.3507	-2.9987	-1.4491
5.6	0.99803	1.3691	-2.9993	-1.4725
5.61	0.99929	1.3873	-2.9998	-1.4958
5.62	0.99992	1.4053	-3	-1.5191
5.63	0.99992	1.4231	-3	-1.5423
5.64	0.99929	1.4406	-2.9998	-1.5655
5.65	0.99803	1.4579	-2.9993	-1.5886
5.66	0.99613	1.475	-2.9987	-1.6116
5.67	0.99361	1.4919	-2.9979	-1.6346
5.68	0.99046	1.5085	-2.9968	-1.6575
5.69	0.98669	1.5249	-2.9956	-1.6803
5.7	0.98229	1.541	-2.9941	-1.7031
5.71	0.97727	1.5569	-2.9924	-1.7258
5.72	0.97163	1.5726	-2.9905	-1.7485
5.73	0.96538	1.588	-2.9884	-1.771
5.74	0.95852	1.6031	-2.9861	-1.7935
5.75	0.95106	1.618	-2.9836	-1.816
5.76	0.94299	1.6327	-2.9808	-1.8383
5.77	0.93433	1.6471	-2.9779	-1.8606
5.78	0.92508	1.6612	-2.9747	-1.8828
5.79	0.91524	1.6751	-2.9714	-1.905
5.8	0.90483	1.6887	-2.9678	-1.927
5.81	0.89384	1.702	-2.964	-1.949
5.82	0.88229	1.7151	-2.9601	-1.9709
5.83	0.87018	1.7278	-2.9559	-1.9927
5.84	0.85753	1.7404	-2.9515	-2.0145
5.85	0.84433	1.7526	-2.9469	-2.0362
5.86	0.8306	1.7646	-2.942	-2.0578
5.87	0.81634	1.7763	-2.937	-2.0793
5.88	0.80157	1.7877	-2.9318	-2.1007
5.89	0.78629	1.7988	-2.9264	-2.122
5.9	0.77051	1.8097	-2.9207	-2.1433
5.91	0.75425	1.8202	-2.9149	-2.1645
5.92	0.73751	1.8305	-2.9088	-2.1856
5.93	0.72031	1.8405	-2.9026	-2.2066
5.94	0.70265	1.8502	-2.8961	-2.2275
5.95	0.68455	1.8596	-2.8895	-2.2483
5.96	0.66601	1.8687	-2.8826	-2.2691
5.97	0.64706	1.8775	-2.8756	-2.2897
5.98	0.62769	1.886	-2.8683	-2.3103
5.99	0.60793	1.8942	-2.8608	-2.3308
6	0.58779	1.9021	-2.8532	-2.3511
6.01	0.56727	1.9097	-2.8453	-2.3714
6.02	0.54639	1.917	-2.8372	-2.3916
6.03	0.52517	1.9241	-2.829	-2.4117
6.04	0.50362	1.9308	-2.8205	-2.4317
6.05	0.48175	1.9372	-2.8118	-2.4516
6.06	0.45958	1.9433	-2.803	-2.4714
6.07	0.43712	1.9491	-2.7939	-2.4912
6.08	0.41438	1.9545	-2.7847	-2.5108
6.09	0.39137	1.9597	-2.7752	-2.5303
6.1	0.36812	1.9646	-2.7656	-2.5497
6.11	0.34464	1.9691	-2.7558	-2.569
6.12	0.32094	1.9734	-2.7457	-2.5882
6.13	0.29704	1.9773	-2.7355	-2.6073
6.14	0.27295	1.9809	-2.7251	-2.6263
6.15	0.24869	1.9842	-2.7145	-2.6452
6.16	0.22427	1.9872	-2.7037	-2.664
6.17	0.19971	1.9899	-2.6927	-2.6827
6.18	0.17502	1.9923	-2.6815	-2.7013
6.19	0.15023	1.9943	-2.6702	-2.7198
6.2	0.12533	1.9961	-2.6586	-2.7382
6.21	0.10036	1.9975	-2.6469	-2.7565
6.22	0.075327	1.9986	-2.635	-2.7746
6.23	0.050244	1.9994	-2.6228	-2.7927
6.24	0.02513	1.9998	-2.6106	-2.8106
6.25	6.1232e-16	2	-2.5981	-2.8284
6.26	-0.02513	1.9998	-2.5854	-2.8461
6.27	-0.050244	1.9994	-2.5726	-2.8637
6.28	-0.075327	1.9986	-2.5596	-2.8812
6.29	-0.10036	1.9975	-2.5464	-2.8986
6.3	-0.12533	1.9961	-2.533	-2.9159
6.31	-0.15023	1.9943	-2.5194	-2.933
6.32	-0.17502	1.9923	-2.5057	-2.9501
6.33	-0.19971	1.9899	-2.4918	-2.967
6.34	-0.22427	1.9872	-2.4777	-2.9838
6.35	-0.24869	1.9842	-2.4634	-3.0004
6.36	-0.27295	1.9809	-2.449	-3.017
6.37	-0.29704	1.9773	-2.4344	-3.0334
6.38	-0.32094	1.9734	-2.4196	-3.0498
6.39	-0.34464	1.9691	-2.4047	-3.066
6.4	-0.36812	1.9646	-2.3896	-3.0821
6.41	-0.39137	1.9597	-2.3743	-3.098
6.42	-0.41438	1.9545	-2.3589	-3.1138
6.43	-0.43712	1.9491	-2.3433	-3.1296
6.44	-0.45958	1.9433	-2.3275	-3.1452
6.45	-0.48175	1.9372	-2.3115	-3.1606
6.46	-0.50362	1.9308	-2.2954	-3.176
6.47	-0.52517	1.9241	-2.2792	-3.1912
6.48	-0.54639	1.917	-2.2628	-3.2063
6.49	-0.56727	1.9097	-2.2462	-3.2212
6.5	-0.58779	1.9021	-2.2294	-3.2361
6.51	-0.60793	1.8942	-2.2125	-3.2508
6.52	-0.62769	1.886	-2.1955	-3.2654
6.53	-0.64706	1.8775	-2.1783	-3.2798
6.54	-0.66601	1.8687	-2.1609	-3.2941
6.55	-0.68455	1.8596	-2.1434	-3.3083
6.56	-0.70265	1.8502	-2.1258	-3.3224
6.57	-0.72031	1.8405	-2.1079	-3.3363
6.58	-0.73751	1.8305	-2.09	-3.3501
6.59	-0.75425	1.8202	-2.0719	-3.3638
6.6	-0.77051	1.8097	-2.0536	-3.3773
6.61	-0.78629	1.7988	-2.0352	-3.3907
6.62	-0.80157	1.7877	-2.0167	-3.404
6.63	-0.81634	1.7763	-1.998	-3.4171
6.64	-0.8306	1.7646	-1.9792	-3.4301
6.65	-0.84433	1.7526	-1.9603	-3.443
6.66	-0.85753	1.7404	-1.9412	-3.4557
6.67	-0.87018	1.7278	-1.9219	-3.4683
6.68	-0.88229	1.7151	-1.9026	-3.4807
6.69	-0.89384	1.702	-1.8831	-3.493
6.7	-0.90483	1.6887	-1.8634	-3.5052
6.71	-0.91524	1.6751	-1.8437	-3.5173
6.72	-0.92508	1.6612	-1.8238	-3.5292
6.73	-0.93433	1.6471	-1.8038	-3.5409
6.74	-0.94299	1.6327	-1.7836	-3.5525
6.75	-0.95106	1.618	-1.7634	-3.564
6.76	-0.95852	1.6031	-1.743	-3.5754
6.77	-0.96538	1.588	-1.7224	-3.5866
6.78	-0.97163	1.5726	-1.7018	-3.5976
6.79	-0.97727	1.5569	-1.681	-3.6085
6.8	-0.98229	1.541	-1.6602	-3.6193
6.81	-0.98669	1.5249	-1.6392	-3.6299
6.82	-0.99046	1.5085	-1.6181	-3.6404
6.83	-0.99361	1.4919	-1.5969	-3.6508
6.84	-0.99613	1.475	-1.5755	-3.661
6.85	-0.99803	1.4579	-1.5541	-3.671
6.86	-0.99929	1.4406	-1.5325	-3.6809
6.87	-0.99992	1.4231	-1.5109	-3.6907
6.88	-0.99992	1.4053	-1.4891	-3.7003
6.89	-0.99929	1.3873	-1.4672	-3.7098
6.9	-0.99803	1.3691	-1.4453	-3.7191
6.91	-0.99613	1.3507	-1.4232	-3.7283
6.92	-0.99361	1.332	-1.401	-3.7373
6.93	-0.99046	1.3132	-1.3787	-3.7462
6.94	-0.98669	1.2941	-1.3564	-3.7549
6.95	-0.98229	1.2748	-1.3339	-3.7635
6.96	-0.97727	1.2554	-1.3113	-3.772
6.97	-0.97163	1.2357	-1.2887	-3.7803
6.98	-0.96538	1.2159	-1.266	-3.7884
6.99	-0.95852	1.1958	-1.2431	-3.7964
7	-0.95106	1.1756	-1.2202	-3.8042
7.01	-0.94299	1.1551	-1.1972	-3.8119
7.02	-0.93433	1.1345	-1.1741	-3.8195
7.03	-0.92508	1.1138	-1.151	-3.8268
7.04	-0.91524	1.0928	-1.1277	-3.8341
7.05	-0.90483	1.0717	-1.1044	-3.8412
7.06	-0.89384	1.0503	-1.081	-3.8481
7.07	-0.88229	1.0289	-1.0575	-3.8549
7.08	-0.87018	1.0072	-1.0339	-3.8615
7.09	-0.85753	0.98545	-1.0103	-3.868
7.1	-0.84433	0.96351	-0.9866	-3.8743
7.11	-0.8306	0.94141	-0.96283	-3.8805
7.12	-0.81634	0.91916	-0.93899	-3.8865
7.13	-0.80157	0.89677	-0.91509	-3.8924
7.14	-0.78629	0.87423	-0.89112	-3.8981
7.15	-0.77051	0.85156	-0.8671	-3.9037
7.16	-0.75425	0.82875	-0.84301	-3.9091
7.17	-0.73751	0.80581	-0.81886	-3.9143
7.18	-0.72031	0.78275	-0.79465	-3.9194
7.19	-0.70265	0.75956	-0.77039	-3.9244
7.2	-0.68455	0.73625	-0.74607	-3.9291
7.21	-0.66601	0.71282	-0.7217	-3.9338
7.22	-0.64706	0.68929	-0.69728	-3.9383
7.23	-0.62769	0.66564	-0.67281	-3.9426
7.24	-0.60793	0.64189	-0.6483	-3.9467
7.25	-0.58779	0.61803	-0.62374	-3.9508
7.26	-0.56727	0.59408	-0.59913	-3.9546
7.27	-0.54639	0.57004	-0.57448	-3.9583
7.28	-0.52517	0.5459	-0.5498	-3.9618
7.29	-0.50362	0.52168	-0.52507	-3.9652
7.3	-0.48175	0.49738	-0.50031	-3.9685
7.31	-0.45958	0.473	-0.47551	-3.9715
7.32	-0.43712	0.44854	-0.45068	-3.9744
7.33	-0.41438	0.42401	-0.42581	-3.9772
7.34	-0.39137	0.39942	-0.40092	-3.9798
7.35	-0.36812	0.37476	-0.376	-3.9822
7.36	-0.34464	0.35005	-0.35105	-3.9845
7.37	-0.32094	0.32527	-0.32608	-3.9867
7.38	-0.29704	0.30045	-0.30109	-3.9886
7.39	-0.27295	0.27558	-0.27607	-3.9905
7.4	-0.24869	0.25067	-0.25103	-3.9921
7.41	-0.22427	0.22571	-0.22598	-3.9936
7.42	-0.19971	0.20072	-0.20091	-3.9949
7.43	-0.17502	0.1757	-0.17583	-3.9961
7.44	-0.15023	0.15065	-0.15073	-3.9972
7.45	-0.12533	0.12558	-0.12563	-3.998
7.46	-0.10036	0.10049	-0.10051	-3.9987
7.47	-0.075327	0.07538	-0.07539	-3.9993
7.48	-0.050244	0.05026	-0.050263	-3.9997
7.49	-0.02513	0.025132	-0.025132	-3.9999
7.5	-7.3479e-16	7.3479e-16	-7.3479e-16	-4
7.51	0.02513	-0.025132	0.025132	-3.9999
7.52	0.050244	-0.05026	0.050263	-3.9997
7.53	0.075327	-0.07538	0.07539	-3.9993
7.54	0.10036	-0.10049	0.10051	-3.9987
7.55	0.12533	-0.12558	0.12563	-3.998
7.56	0.15023	-0.15065	0.15073	-3.9972
7.57	0.17502	-0.1757	0.17583	-3.9961
7.58	0.19971	-0.20072	0.20091	-3.9949
7.59	0.22427	-0.22571	0.22598	-3.9936
7.6	0.24869	-0.25067	0.25103	-3.9921
7.61	0.27295	-0.27558	0.27607	-3.9905
7.62	0.29704	-0.30045	0.30109	-3.9886
7.63	0.32094	-0.32527	0.32608	-3.9867
7.64	0.34464	-0.35005	0.35105	-3.9845
7.65	0.36812	-0.37476	0.376	-3.9822
7.66	0.39137	-0.39942	0.40092	-3.9798
7.67	0.41438	-0.42401	0.42581	-3.9772
7.68	0.43712	-0.44854	0.45068	-3.9744
7.69	0.45958	-0.473	0.47551	-3.9715
7.7	0.48175	-0.49738	0.50031	-3.9685
7.71	0.50362	-0.52168	0.52507	-3.9652
7.72	0.52517	-0.5459	0.5498	-3.9618
7.73	0.54639	-0.57004	0.57448	-3.9583
7.74	0.56727	-0.59408	0.59913	-3.9546
7.75	0.58779	-0.61803	0.62374	-3.9508
7.76	0.60793	-0.64189	0.6483	-3.9467
7.77	0.62769	-0.66564	0.67281	-3.9426
7.78	0.64706	-0.68929	0.69728	-3.9383
7.79	0.66601	-0.71282	0.7217	-3.9338
7.8	0.68455	-0.73625	0.74607	-3.9291
7.81	0.70265	-0.75956	0.77039	-3.9244
7.82	0.72031	-0.78275	0.79465	-3.9194
7.83	0.73751	-0.80581	0.81886	-3.9143
7.84	0.75425	-0.82875	0.84301	-3.9091
7.85	0.77051	-0.85156	0.8671	-3.9037
7.86	0.78629	-0.87423	0.89112	-3.8981
7.87	0.80157	-0.89677	0.91509	-3.8924
7.88	0.81634	-0.91916	0.93899	-3.8865
7.89	0.8306	-0.94141	0.96283	-3.8805
7.9	0.84433	-0.96351	0.9866	-3.8743
7.91	0.85753	-0.98545	1.0103	-3.868
7.92	0.87018	-1.0072	1.0339	-3.8615
7.93	0.88229	-1.0289	1.0575	-3.8549
7.94	0.89384	-1.0503	1.081	-3.8481
7.95	0.90483	-1.0717	1.1044	-3.8412
7.96	0.91524	-1.0928	1.1277	-3.8341
7.97	0.92508	-1.1138	1.151	-3.8268
7.98	0.93433	-1.1345	1.1741	-3.8195
7.99	0.94299	-1.1551	1.1972	-3.8119
8	0.95106	-1.1756	1.2202	-3.8042
8.01	0.95852	-1.1958	1.2431	-3.7964
8.02	0.96538	-1.2159	1.266	-3.7884
8.03	0.97163	-1.2357	1.2887	-3.7803
8.04	0.97727	-1.2554	1.3113	-3.772
8.05	0.98229	-1.2748	1.3339	-3.7635
8.06	0.98669	-1.2941	1.3564	-3.7549
8.07	0.99046	-1.3132	1.3787	-3.7462
8.08	0.99361	-1.332	1.401	-3.7373
8.09	0.99613	-1.3507	1.4232	-3.7283
8.1	0.99803	-1.3691	1.4453	-3.7191
8.11	0.99929	-1.3873	1.4672	-3.7098
8.12	0.99992	-1.4053	1.4891	-3.7003
8.13	0.99992	-1.4231	1.5109	-3.6907
8.14	0.99929	-1.4406	1.5325	-3.6809
8.15	0.99803	-1.4579	1.5541	-3.671
8.16	0.99613	-1.475	1.5755	-3.661
8.17	0.99361	-1.4919	1.5969	-3.6508
8.18	0.99046	-1.5085	1.6181	-3.6404
8.19	0.98669	-1.5249	1.6392	-3.6299
8.2	0.98229	-1.541	1.6602	-3.6193
8.21	0.97727	-1.5569	1.681	-3.6085
8.22	0.97163	-1.5726	1.7018	-3.5976
8.23	0.96538	-1.588	1.7224	-3.5866
8.24	0.95852	-1.6031	1.743	-3.5754
8.25	0.95106	-1.618	1.7634	-3.564
8.26	0.94299	-1.6327	1.7836	-3.5525
8.27	0.93433	-1.6471	1.8038	-3.5409
8.28	0.92508	-1.6612	1.8238	-3.5292
8.29	0.91524	-1.6751	1.8437	-3.5173
8.3	0.90483	-1.6887	1.8634	-3.5052
8.31	0.89384	-1.702	1.8831	-3.493
8.32	0.88229	-1.7151	1.9026	-3.4807
8.33	0.87018	-1.7278	1.9219	-3.4683
8.34	0.85753	-1.7404	1.9412	-3.4557
8.35	0.84433	-1.7526	1.9603	-3.443
8.36	0.8306	-1.7646	1.9792	-3.4301
8.37	0.81634	-1.7763	1.998	-3.4171
8.38	0.80157	-1.7877	2.0167	-3.404
8.39	0.78629	-1.7988	2.0352	-3.3907
8.4	0.77051	-1.8097	2.0536	-3.3773
8.41	0.75425	-1.8202	2.0719	-3.3638
8.42	0.73751	-1.8305	2.09	-3.3501
8.43	0.72031	-1.8405	2.1079	-3.3363
8.44	0.70265	-1.8502	2.1258	-3.3224
8.45	0.68455	-1.8596	2.1434	-3.3083
8.46	0.66601	-1.8687	2.1609	-3.2941
8.47	0.64706	-1.8775	2.1783	-3.2798
8.48	0.62769	-1.886	2.1955	-3.2654
8.49	0.60793	-1.8942	2.2125	-3.2508
8.5	0.58779	-1.9021	2.2294	-3.2361
8.51	0.56727	-1.9097	2.2462	-3.2212
8.52	0.54639	-1.917	2.2628	-3.2063
8.53	0.52517	-1.9241	2.2792	-3.1912
8.54	0.50362	-1.9308	2.2954	-3.176
8.55	0.48175	-1.9372	2.3115	-3.1606
8.56	0.45958	-1.9433	2.3275	-3.1452
8.57	0.43712	-1.9491	2.3433	-3.1296
8.58	0.41438	-1.9545	2.3589	-3.1138
8.59	0.39137	-1.9597	2.3743	-3.098
8.6	0.36812	-1.9646	2.3896	-3.0821
8.61	0.34464	-1.9691	2.4047	-3.066
8.62	0.32094	-1.9734	2.4196	-3.0498
8.63	0.29704	-1.9773	2.4344	-3.0334
8.64	0.27295	-1.9809	2.449	-3.017
8.65	0.24869	-1.9842	2.4634	-3.0004
8.66	0.22427	-1.9872	2.4777	-2.9838
8.67	0.19971	-1.9899	2.4918	-2.967
8.68	0.17502	-1.9923	2.5057	-2.9501
8.69	0.15023	-1.9943	2.5194	-2.933
8.7	0.12533	-1.9961	2.533	-2.9159
8.71	0.10036	-1.9975	2.5464	-2.8986
8.72	0.075327	-1.9986	2.5596	-2.8812
8.73	0.050244	-1.9994	2.5726	-2.8637
8.74	0.02513	-1.9998	2.5854	-2.8461
8.75	8.5725e-16	-2	2.5981	-2.8284
8.76	-0.02513	-1.9998	2.6106	-2.8106
8.77	-0.050244	-1.9994	2.6228	-2.7927
8.78	-0.075327	-1.9986	2.635	-2.7746
8.79	-0.10036	-1.9975	2.6469	-2.7565
8.8	-0.12533	-1.9961	2.6586	-2.7382
8.81	-0.15023	-1.9943	2.6702	-2.7198
8.82	-0.17502	-1.9923	2.6815	-2.7013
8.83	-0.19971	-1.9899	2.6927	-2.6827
8.84	-0.22427	-1.9872	2.7037	-2.664
8.85	-0.24869	-1.9842	2.7145	-2.6452
8.86	-0.27295	-1.9809	2.7251	-2.6263
8.87	-0.29704	-1.9773	2.7355	-2.6073
8.88	-0.32094	-1.9734	2.7457	-2.5882
8.89	-0.34464	-1.9691	2.7558	-2.569
8.9	-0.36812	-1.9646	2.7656	-2.5497
8.91	-0.39137	-1.9597	2.7752	-2.5303
8.92	-0.41438	-1.9545	2.7847	-2.5108
8.93	-0.43712	-1.9491	2.7939	-2.4912
8.94	-0.45958	-1.9433	2.803	-2.4714
8.95	-0.48175	-1.9372	2.8118	-2.4516
8.96	-0.50362	-1.9308	2.8205	-2.4317
8.97	-0.52517	-1.9241	2.829	-2.4117
8.98	-0.54639	-1.917	2.8372	-2.3916
8.99	-0.56727	-1.9097	2.8453	-2.3714
9	-0.58779	-1.9021	2.8532	-2.3511
9.01	-0.60793	-1.8942	2.8608	-2.3308
9.02	-0.62769	-1.886	2.8683	-2.3103
9.03	-0.64706	-1.8775	2.8756	-2.2897
9.04	-0.66601	-1.8687	2.8826	-2.2691
9.05	-0.68455	-1.8596	2.8895	-2.2483
9.06	-0.70265	-1.8502	2.8961	-2.2275
9.07	-0.72031	-1.8405	2.9026	-2.2066
9.08	-0.73751	-1.8305	2.9088	-2.1856
9.09	-0.75425	-1.8202	2.9149	-2.1645
9.1	-0.77051	-1.8097	2.9207	-2.1433
9.11	-0.78629	-1.7988	2.9264	-2.122
9.12	-0.80157	-1.7877	2.9318	-2.1007
9.13	-0.81634	-1.7763	2.937	-2.0793
9.14	-0.8306	-1.7646	2.942	-2.0578
9.15	-0.84433	-1.7526	2.9469	-2.0362
9.16	-0.85753	-1.7404	2.9515	-2.0145
9.17	-0.87018	-1.7278	2.9559	-1.9927
9.18	-0.88229	-1.7151	2.9601	-1.9709
9.19	-0.89384	-1.702	2.964	-1.949
9.2	-0.90483	-1.6887	2.9678	-1.927
9.21	-0.91524	-1.6751	2.9714	-1.905
9.22	-0.92508	-1.6612	2.9747	-1.8828
9.23	-0.93433	-1.6471	2.9779	-1.8606
9.24	-0.94299	-1.6327	2.9808	-1.8383
9.25	-0.95106	-1.618	2.9836	-1.816
9.26	-0.95852	-1.6031	2.9861	-1.7935
9.27	-0.96538	-1.588	2.9884	-1.771
9.28	-0.97163	-1.5726	2.9905	-1.7485
9.29	-0.97727	-1.5569	2.9924	-1.7258
9.3	-0.98229	-1.541	2.9941	-1.7031
9.31	-0.98669	-1.5249	2.9956	-1.6803
9.32	-0.99046	-1.5085	2.9968	-1.6575
9.33	-0.99361	-1.4919	2.9979	-1.6346
9.34	-0.99613	-1.475	2.9987	-1.6116
9.35	-0.99803	-1.4579	2.9993	-1.5886
9.36	-0.99929	-1.4406	2.9998	-1.5655
9.37	-0.99992	-1.4231	3	-1.5423
9.38	-0.99992	-1.4053	3	-1.5191
9.39	-0.99929	-1.3873	2.9998	-1.4958
9.4	-0.99803	-1.3691	2.9993	-1.4725
9.41	-0.99613	-1.3507	2.9987	-1.4491
9.42	-0.99361	-1.332	2.9979	-1.4256
9.43	-0.99046	-1.3132	2.9968	-1.4021
9.44	-0.98669	-1.2941	2.9956	-1.3786
9.45	-0.98229	-1.2748	2.9941	-1.355
9.46	-0.97727	-1.2554	2.9924	-1.3313
9.47	-0.97163	-1.2357	2.9905	-1.3076
9.48	-0.96538	-1.2159	2.9884	-1.2838
9.49	-0.95852	-1.1958	2.9861	-1.2599
9.5	-0.95106	-1.1756	2.9836	-1.2361
9.51	-0.94299	-1.1551	2.9808	-1.2121
9.52	-0.93433	-1.1345	2.9779	-1.1882
9.53	-0.92508	-1.1138	2.9747	-1.1641
9.54	-0.91524	-1.0928	2.9714	-1.1401
9.55	-0.90483	-1.0717	2.9678	-1.116
9.56	-0.89384	-1.0503	2.964	-1.0918
9.57	-0.88229	-1.0289	2.9601	-1.0676
9.58	-0.87018	-1.0072	2.9559	-1.0434
9.59	-0.85753	-0.98545	2.9515	-1.0191
9.6	-0.84433	-0.96351	2.9469	-0.99476
9.61	-0.8306	-0.94141	2.942	-0.9704
9.62	-0.81634	-0.91916	2.937	-0.946
9.63	-0.80157	-0.89677	2.9318	-0.92156
9.64	-0.78629	-0.87423	2.9264	-0.89708
9.65	-0.77051	-0.85156	2.9207	-0.87257
9.66	-0.75425	-0.82875	2.9149	-0.84803
9.67	-0.73751	-0.80581	2.9088	-0.82345
9.68	-0.72031	-0.78275	2.9026	-0.79884
9.69	-0.70265	-0.75956	2.8961	-0.7742
9.7	-0.68455	-0.73625	2.8895	-0.74953
9.71	-0.66601	-0.71282	2.8826	-0.72482
9.72	-0.64706	-0.68929	2.8756	-0.70009
9.73	-0.62769	-0.66564	2.8683	-0.67533
9.74	-0.60793	-0.64189	2.8608	-0.65055
9.75	-0.58779	-0.61803	2.8532	-0.62574
9.76	-0.56727	-0.59408	2.8453	-0.6009
9.77	-0.54639	-0.57004	2.8372	-0.57604
9.78	-0.52517	-0.5459	2.829	-0.55116
9.79	-0.50362	-0.52168	2.8205	-0.52626
9.8	-0.48175	-0.49738	2.8118	-0.50133
9.81	-0.45958	-0.473	2.803	-0.47639
9.82	-0.43712	-0.44854	2.7939	-0.45143
9.83	-0.41438	-0.42401	2.7847	-0.42644
9.84	-0.39137	-0.39942	2.7752	-0.40145
9.85	-0.36812	-0.37476	2.7656	-0.37643
9.86	-0.34464	-0.35005	2.7558	-0.3514
9.87	-0.32094	-0.32527	2.7457	-0.32636
9.88	-0.29704	-0.30045	2.7355	-0.30131
9.89	-0.27295	-0.27558	2.7251	-0.27624
9.9	-0.24869	-0.25067	2.7145	-0.25116
9.91	-0.22427	-0.22571	2.7037	-0.22607
9.92	-0.19971	-0.20072	2.6927	-0.20098
9.93	-0.17502	-0.1757	2.6815	-0.17587
9.94	-0.15023	-0.15065	2.6702	-0.15076
9.95	-0.12533	-0.12558	2.6586	-0.12564
9.96	-0.10036	-0.10049	2.6469	-0.10052
9.97	-0.075327	-0.07538	2.635	-0.075394
9.98	-0.050244	-0.05026	2.6228	-0.050264
9.99	-0.02513	-0.025132	2.6106	-0.025133
10	-9.7972e-16	-9.7972e-16	2.5981	-9.7972e-16
